# Created by Octave 3.6.4, Mon Feb 17 15:26:47 2014 EST <ncarey@ncarey-laptop>
# name: rotdata
# type: matrix
# rows: 5
# columns: 501
 -0.7030291864398084 -2.30261830108345 1.104065519331019 -1.685318623289784 0.9676904340845087 0.9330184116644664 -1.120635835753149 -1.599946645304118 0.3978097462688296 -0.8894347267372468 1.466643198231841 -0.1120764254089419 1.328364847103786 -1.676386580034565 -1.59135303542505 0.8007588382958205 -0.5728889610985296 -0.4522581620641683 -1.297817901265681 -1.632902974894462 1.910414676141605 0.08656818487000853 1.406333150720759 -0.5581189038484899 -0.2439430664410908 2.495792718070453 1.717887434188165 -0.4750021232237773 -2.351632651464107 1.15811948356996 0.6804496180705821 1.519495579907407 -0.3867791550857665 1.545989427050205 0.4258264864471027 -2.211769398952633 -2.370391481320228 0.7962245646823135 0.4599393058301942 -1.120658810850974 -1.367138354332746 -0.803800125633951 0.6955860175618388 -1.767626058196847 -0.5251778782534937 -1.443956246158112 -0.3322098599164834 0.2514357625675868 -0.6500276223510159 -1.617008670891439 -1.011067280042364 -1.893562974122044 1.263155737847549 1.149254569842439 0.4264059271405585 0.3543590746253541 0.7027100057192397 -2.013722543722153 -0.7583324396784651 -0.6484406517546046 -1.575755218729334 -0.9016571410436407 1.702627642472541 -0.01639740491772079 -1.487586622302978 -1.466531386824933 -1.848662449850792 -0.1190209224422833 0.2553169984372716 -1.539570421209262 1.438672428785518 1.44646086955052 0.7660210164456766 2.154141266721912 0.6081672889806816 -0.6345131372538799 0.9379971100921441 -0.2750941936962549 -0.8166550916533213 -0.7052214171775736 0.3363618385185981 -0.5026019454522004 -2.11042262745085 1.299439351964128 -1.137145078203035 0.9658808520952472 0.5799363421079162 0.5785900280619742 0.6098668870336618 -0.3865325002706761 -0.8829359935947221 0.2421654153616517 0.9558958144416737 -0.08516298417391721 1.538166432745822 -0.2038958645793261 -0.3662707264513303 0.5734762463979614 -0.1571111381939655 -1.916610492864035 0.6057326818946558 -1.640914736990374 0.2054417179866443 0.2519052412122625 -0.4538607404098964 -0.317867110931349 1.012333820182943 1.620304557816575 1.346334166768722 -1.664079740089776 -1.210620624389746 0.08814509741491972 0.1484784302630872 0.641592525646332 1.038818073610975 -0.08973735434261676 -1.080801296291454 -2.806743787544608 0.1639614302503423 -1.903496668041603 1.324115230229274 -0.314758769749572 -0.6056884478670326 -1.736972095010907 0.759384155410006 -1.32934659360191 -1.342007477598043 -0.789184446617415 -0.7363085274802587 1.381160107724109 1.763326935594171 -0.4076218903147346 1.262973822505653 -0.5959750365233356 0.3113634813421984 -1.288514661995666 -0.06973244861487204 0.8141682679315592 -1.077412700258985 -0.7048111489003259 0.5101967952723562 -1.113661764358017 -0.2601642119287793 2.688313640169687 -0.6895781154091009 0.7734496843078499 0.07526248705975958 -0.3979449238538706 1.979833229434564 0.5977711755689755 0.4447076836713464 -1.317753482359713 -1.789723633828513 1.546414963257792 0.05228406818145204 -0.5200166683154173 0.7714879260293213 -1.308799658628704 0.700147496912004 0.8812784720968708 0.01966917118979133 1.095425303627924 2.398041879640029 1.51851784159745 -0.07799830666526789 -2.264086871925366 2.039362792043868 0.7839272056141794 -1.036404689345352 0.7431268944346606 -0.06294849844446507 -0.6078433340575315 -0.2862485700854304 -0.1693909040161484 1.225020189567531 -2.040621743967857 0.5094546229879282 -1.747344872517516 -2.12364713510497 -1.271471991488732 0.9244887073533464 -0.06805752886199901 0.751309365743665 -0.7467607348790863 -0.4189671868614687 -0.3644905382700532 -0.3727980631734493 -1.168921450066762 0.6367511836568323 1.247151245239372 0.7353532613861624 1.029562725664809 0.36995196615744 1.631118889939297 1.185259147069657 1.169634686088826 2.435527653333255 1.07468463695643 -1.360558886733593 -2.115742285584655 0.5970703183276242 0.9112134208984695 1.014911567399099 1.06671836195498 -1.879596618476466 -1.767640194665502 0.2313783698975574 -1.106292224254145 1.180744984608069 1.59495950630234 1.814530040337662 1.390499496608774 1.898872977226619 -0.8250604588417039 0.1816107513087303 2.11886680328199 1.480629158275046 0.2245051925488066 0.4124376567923084 -1.22031773726386 -0.8352344171051724 1.526023545703069 -1.630480220426424 -1.19702582384641 -0.9977556595776511 0.5373115899971806 0.7896318286314796 0.6010015127210278 -0.08196972443589901 -0.5378382086698086 0.6636260945807466 -0.7811854091499324 0.7611022793955456 -0.5262944343982223 1.632959954350121 -1.802826570470462 -1.476388562163627 -0.6869227392289513 -2.451491400867943 0.8299441455446088 -0.6934634154126565 -1.314987354661386 -1.831864743417276 1.903914899630037 1.675034808660547 1.320059989775067 -0.4994424108370391 1.069520977546952 1.435323415463068 -2.284318387107803 0.7901847711980801 -0.8305209303640517 -0.8449153099058724 -1.808390190227319 0.7868585088182237 -0.2133773716981323 1.079447395977307 0.1289955402402673 -1.82525772607788 -0.9391052881177926 -0.07082486799479937 -2.383700857450076 -0.8207643505181343 -0.7212916764244047 0.353060258785974 -2.001202204447668 0.002328623967754795 -0.1714707314062414 -0.05224773955642349 0.4609020244400135 -2.381891699347737 -2.011037930343404 -1.383562114222843 0.6883170726957321 -0.6647914812880994 -2.114571200224392 -0.6275399245505913 -0.3848442894299459 -1.070390446249906 0.4683931361425205 1.714683049517378 1.908607109668776 0.5927385112465458 -1.358382802086975 -0.2547170389860275 0.833342773479226 -1.506704685488288 0.4349442827929441 0.07197631431583207 -1.070570318200053 -0.7135475715826856 0.8619197200583089 0.379522018445287 0.4286111002407085 0.8200438854820868 0.1631959520543362 -1.38449738919058 0.059804786745281 -0.9157937063158301 -1.432228318055925 0.0755169739725019 1.023102402479844 -1.075129029806211 -1.319801816930409 -0.7658757545343675 -1.507077477008989 1.662889575721977 -1.462851264730851 0.7413182968703025 -0.9956648701773664 -0.3369358915996296 -1.870213100097021 1.247274260490546 -1.095091467362965 -0.7348499865911527 -0.962236420908544 1.992249701436167 0.3627183738980504 0.4502976491469617 1.963151247728966 -0.73336776175009 0.05026140393582657 -0.4904411234377623 -2.001866963644395 -0.7819410201215592 -1.921420998674134 -0.8616680381468325 -1.738157229727001 0.9031661195238005 1.833340988326841 -2.181622695082317 1.345317275243659 -1.569302787432309 0.732901156492668 0.5002040905060704 1.422185773652234 -1.24510711545605 -0.06740146825753979 1.248598924988923 0.6573929171813866 -1.774846021462225 0.5914026516789135 0.9151092927467279 1.961122959019606 -0.0748024669277956 -1.206612384603603 -0.4201084217611306 0.1516869792326795 1.734148355358293 0.8440141427719222 0.4510863408239846 0.3565825620255876 -0.4615651892378658 -0.558545782866114 0.9045207455129267 -2.027658691254978 1.014852925188862 0.09680765463314023 1.913103933602386 0.4229879871550499 -0.4488709507836486 -0.7510142390176155 1.350238840473988 -0.6249252384387367 2.355280185170281 -1.744637087543252 0.9134112825571026 2.479833340917687 -0.3844203697903299 -1.510713181686477 -0.2105828440088327 -0.2479289841931405 0.8802458276483733 0.3312143289082844 0.5283003703058515 -0.502349621103326 -0.2227479030028391 0.9173496974927945 1.885819502406583 1.258767136458218 0.2005153380634778 0.07022313384900458 -2.037476428093453 1.590839311058712 0.3346578331119696 -0.7249447204713418 -1.482806887136926 0.3941058569708505 1.26228898677203 -0.9902857785281205 -1.576333696334884 -0.1903833730782296 -1.640196905503974 1.81823223336678 -0.6093920329980351 -1.521348031587337 0.4599873336084318 1.288762729217968 -0.4574117015982935 1.266271913899412 -0.5657536860112776 1.092059712369016 1.992346668349105 2.052582072347197 -0.1654648530633683 1.272714599526312 -0.3047927250419136 0.04277665338044301 0.381253934861124 -1.036020241068782 -1.368313321185585 -0.8645442555455263 0.748772893089596 