# Created by Octave 3.6.4, Mon Feb 17 15:02:00 2014 EST <ncarey@ncarey-laptop>
# name: rotdata
# type: matrix
# rows: 4
# columns: 501
 -0.5861633119597512 0.1228284326720842 -0.4347289928368247 1.278485861624241 -0.9442059265998282 0.2671911013882498 1.391459197828131 0.3407193138547728 0.8814984090451109 1.370686302617863 -0.03689424713721201 1.322408016437719 -1.393141353783094 1.52118801486874 0.3887395029928385 -0.9966841704258296 1.79217151842583 1.079489129791142 1.980203546802712 0.2595113816623118 -1.622164745837156 -0.6813024336617506 0.06952927380055596 -0.4578754735015701 1.45682581339722 -1.724583836539481 -0.9209375644318237 1.233904362650245 0.1101308076628945 0.8242019446266384 -1.171555779824063 -0.8827536685683115 0.7189521339228545 -0.9168922201518457 1.107062165856585 0.322089578696975 0.7284108266938258 -0.3739242237593886 -1.683136538223614 -0.9711969811796674 0.8061968132028817 0.2252974524267095 -1.109761260796231 0.3495338388048949 0.6606365437421673 1.740962673773106 -1.018019230811795 -1.04384501635749 0.5864070195027385 0.7648526595258902 -0.6144426989275218 0.3731616583919805 -1.536502971761898 -1.049998127104787 1.241320431146072 -1.467826695590575 -0.3650707774807358 0.459876170973571 -0.01869195734115459 1.569115514406976 -0.0986070119843977 0.8322753409377913 0.2157143212366579 1.724655236995562 0.3255089270364853 1.246646641776461 0.6165833060426443 -1.175750316381152 -0.04163082327052753 1.068757563165812 0.03446278685071624 0.459774168370397 -0.4098745639745196 -1.445672496204252 -0.6007333387350855 1.623245976976265 -1.072043430072358 0.1874917884875721 0.21993617083127 -0.8539267439629621 -0.3959313555396708 0.08122151226264551 0.2249000535859126 -0.6979185516946741 0.9203241078086019 -1.154377918000574 -0.9375847751325077 -0.5415248394421881 1.183562014935098 1.069273522922722 -0.4229123441313644 1.094514178836902 -1.190743677771986 0.2483895445369284 -0.8158535141040473 0.1881065495161097 -1.738847330074206 -1.23418336495169 -0.2038139983699771 0.3156711682223891 -1.450292348407924 1.26426101543976 -0.4934549342303591 -0.6700932602188482 -0.3086518390296731 -1.532031697471179 1.171623668786273 0.5654299827183952 -1.107589628042509 1.895007970170698 0.7788661567958083 -0.6151924354087287 1.139052619276596 -0.3700009962253115 0.2148601132073764 -0.9265800324984081 1.253680892916824 0.2721961263432384 -1.074001525714692 2.260783290326247 -0.9917175120616326 0.7410450740993137 0.7408164963315367 0.7823095632288283 1.427604825196139 1.613916076629301 0.833421370099964 0.08061155040470014 -0.3496486415078114 -1.045883305252223 -1.235752162322242 -0.5311204680786042 -0.3259322985891195 0.09740677038005499 -0.8752797646584738 2.09092566401048 0.1997014456886747 -2.158354975398947 0.877605549538425 -1.36084705663098 -1.073529329042656 0.5885345380174195 -0.0437217203148525 -0.7839525739970464 -0.04183038884112819 -0.4230341319108352 -1.830751055068873 -0.1624857519993889 -1.735774697659922 -1.997272517459231 -1.100758661234695 1.338354092656358 0.489366996496355 0.03780649907464551 -1.827758748887268 -0.2841131782371928 -0.9476162479001835 -0.3157710561040719 -0.8826723751377952 -1.329028618533962 0.106249509305456 -0.7349342955977165 -1.062836178803644 0.3613897462048962 -0.5349239757519919 0.3481106577776509 -0.324697057168896 0.6100074086929572 0.8383904841099845 -1.78664813312487 1.514652251020985 1.307635252138479 1.012418170411994 -0.8411972323471129 0.7223160371702035 1.118504641373002 -0.1817763254634982 1.062809242198042 0.1185730668100051 1.158237016414653 -0.3994363707227668 1.043184331924615 -0.2955090763813275 -1.396044900562037 0.3729131430526735 -1.40668435253063 1.919291743735207 0.1367822709846117 -0.1342820111598692 -0.1522098267597896 -0.6102004571084155 0.9773111124118126 -0.4420343336629563 -1.417124901136535 -1.005228582174534 -1.657459635452003 -1.233606333106017 -0.7217911958247789 0.2682375536681368 2.295191338458159 -1.563129853724783 -1.405296384307587 -1.63749110388417 -0.137714448000808 1.385691755804086 2.092011146132357 -0.5248863369273288 -0.6132489134496992 -0.8651824862127319 -1.506649213058397 -1.695403118689474 -0.4418679734756169 -2.256225107950624 1.074947483130395 -0.1482540162810875 -0.3102262586502877 -0.07197302198983735 -0.2709313638506161 0.9716183095520763 1.811834946488668 0.3541383253023408 0.2420181679606004 0.3342808512228105 -0.3477166952089433 -0.9231528284826407 -1.693368275750009 -1.751131076609873 1.37605285490849 -1.87974495782733 -0.828701560990607 0.02782823920036898 0.161713538404853 -0.8676521142851106 -0.04710084590193819 -0.2934552401202895 -0.04855331765235138 -0.232586078810135 -0.3436217347351465 1.645964334288927 -0.4602247886640204 0.3416946378801559 1.535623868375151 0.3313936880992702 -1.613197991138834 -1.137665205515753 0.4072493697509946 1.0142663043128 -0.1798343264750477 0.06487384909409588 1.794439595013946 -1.682056898941203 0.3585324405197416 1.200687809221075 0.4078629739084263 0.3834351332089125 -0.3961128249835548 -0.7845688909830414 1.02067588167617 0.8251219096139945 0.9617794637979389 0.1764443397136233 0.4789685422866554 1.337634943902715 -0.05021465654511847 -0.9849635048389103 1.792294236701306 -1.524649386396802 0.8184638269328406 -0.4441995442856929 -0.0684064433122189 0.9041025576662927 -0.3099249386926233 1.447736597037109 1.219089590819576 1.964189235618274 0.6840359755563534 1.131186361500205 1.069354960855124 0.4785881253904078 0.7255608197121757 -0.3312757078654366 -1.309105303477393 0.196737415009358 2.225354878022507 -0.645513301975806 -0.7433193706979097 1.672362642750562 0.4423440350538744 0.1323409385686711 1.413398242539575 -0.2668490750864723 0.1400729727913022 1.449480118573564 -0.458312707523542 1.271230376070687 -1.29403808653334 1.174009479097086 -0.06004173969210402 1.564527334775626 1.2848089862583 0.77358611639159 -0.02329186642619718 0.1660438412509787 1.746699308525178 1.575683206703952 1.882638614360505 -1.944690751442693 -0.4230474949935634 -0.3013431985417974 0.8483000846121608 -0.6723081352048816 0.4658154163653332 -1.126611406238487 1.115900345816064 -0.241109205694357 0.7294847410426739 -1.468315039047977 0.3384526819790994 -0.8397064114490682 -0.5438434176022616 0.5143817065427708 -0.2040174102783411 -0.1990392154153707 0.633087683562364 1.051802065472408 0.2461982170432246 1.016502785564659 0.7121033035072517 0.03607350224305172 -2.004201502654389 1.152300659771803 -0.01483894423119447 1.472945896685661 -0.8532230173852751 -0.5049567539603914 -0.8240265613097033 0.01622126195080054 1.438778900411035 -0.7511543269124384 -0.529042466884671 -0.2321048512277787 -2.264111585336801 -0.8120293123485335 0.06711049441597139 0.9260084855568371 -0.1766970921570034 -0.2031355067187024 -1.70040465294032 -1.079524541448614 -1.618448014590476 0.5392105886229569 -0.6865134559361411 0.1793359173919744 -0.8372058023725881 -0.5786812790165423 1.12945432081919 0.5612319424639673 -1.462050286507778 -1.404990868438909 -0.2944440313210815 1.82212773105984 0.7179513837949371 -2.221871738349913 1.288504487780242 -0.9390578533800242 0.2911604811328199 -1.891789160879295 -1.011325624289413 -0.1833405307057779 1.657995874270383 -1.36373816373422 1.763612724831671 -0.6616132319009019 -0.83265143407287 0.6168965283858054 0.78429150047708 1.717039169523233 0.7266077869384093 -0.1489622586451353 -0.4522740887686508 -1.37492831768919 -0.4287966415952851 0.4425908606506973 -1.730543265610132 0.1307224652553541 1.082664035422995 1.866411232488535 -1.173728606540164 -2.02059782764711 1.776310752067575 1.722836878150631 -1.035507851249665 0.3854439715974564 -0.3600935489999963 -0.2631703573991332 2.267570586163535 1.416310759293878 0.417703857529522 1.767153174066114 -1.046265174175874 0.8010126690007374 -1.078750531623604 0.159838486175244 -0.1328369880585054 0.5004517515633471 -1.932437820003154 -0.5495453758358663 0.1605769480169374 -0.1069593716906083 1.240663102088347 0.1614498356284004 -0.4062329325673611 0.4622006584853581 