# Created by Octave 3.6.4, Mon Feb 17 15:43:37 2014 EST <ncarey@ncarey-laptop>
# name: rotdata
# type: matrix
# rows: 6
# columns: 501
 0.8687301351618215 1.129275872083502 -1.434796512682754 1.701184422866594 1.220342548243875 -0.4125960316357989 0.712746131683393 0.1058954069735899 1.370001803153082 1.275490623347924 -0.9691374039074255 1.321183918297776 -0.04330986707147011 1.738686496125416 1.252965930013899 0.5181070826055706 1.84328127143738 -0.1346378736778127 -0.6578493145882719 -1.069149065758881 -1.393876527199531 -0.0292287463029437 0.3341578292264801 1.328410505949163 -1.253925325271747 -1.006195744436305 -0.4208848384617689 1.167802836105464 1.065834421859131 -0.5005056710906584 1.502389783115305 -1.384168332783163 -1.125938371990545 0.381504088398351 -0.8396270179921125 -0.3608637832051196 2.203309741758012 -0.5907361654514675 -0.8495636899894374 0.8775253753610573 0.1905627258071401 -0.6785952435383128 0.4690067735625856 -0.693413370819228 0.9041269138609935 -0.1289906167324676 -1.251797647834491 -0.9620549261904334 -0.6089375894248976 1.670968794196273 -0.861642656716245 0.1450392937636809 -1.111270052155379 -0.1334005239674323 -0.7016549610088455 -0.6872573705975682 -0.6981305617451613 0.8207101968583661 -0.7170829186576869 1.27052126997757 1.13904759965308 1.55074260092944 0.2456888368172288 -0.7824123940589023 0.5619925918346178 1.485770608794923 1.591509828729909 0.1430443922522792 -0.8261006470671853 1.389271972322633 -0.3514730066815056 -1.407423305210426 -2.267484175413299 0.1615035472232714 1.605038449708881 1.335448087618111 0.6537759235950945 -0.7946221594248124 0.8586312233819544 1.702168001170403 -0.1458532148170132 -1.338970514069893 2.02381183285657 -0.1397083063158273 0.6948681499477516 0.106579796354813 -1.366693073294633 -0.3261768439437014 1.008428272055469 -0.9228184626712027 1.521573153331661 0.294565724296204 -1.145650476787579 0.4039707433680726 -0.1193177926996358 -1.504351024809295 -1.067749538658216 -1.603237807991927 0.6535604129974248 2.412826524163656 0.2948583366624311 -0.4276914560628094 0.5889977122873979 -0.9087306007522922 0.6003773569143589 0.6110418192189733 0.49563252968413 -2.030915408017258 -1.819747675811183 0.6985003932744598 -0.9376277680726196 -0.3661607463122016 1.215166023347903 -0.6199835835639878 -0.09810429949400107 -0.2921441774936775 1.979591639004409 -0.497305225711702 0.7107523882374064 0.7857330070867742 -0.1220881124550398 -0.0306730995771286 0.5890807077924941 0.6909531224315936 0.4755359763888208 1.165471725921595 1.51134295860546 1.119637356875418 -1.034983909952952 -0.3192144379217839 -1.503965989662503 1.059033508204611 -0.590123039166599 -1.096545081928533 -0.4752042754281874 0.7950312441191725 -1.037287297703368 0.6931841038483517 -0.2178312109147204 1.201648695166558 -1.700665159799154 -1.385352072180308 -0.5105265584593818 -1.735232816981763 0.9166710609782639 -0.3355968472867947 0.06124905435864114 -0.2122125010187356 -0.4007442728403682 -1.155367416033901 -0.4787799009152943 1.979547339706919 0.6224063648007876 -0.7169952034148814 -0.7709489747453896 0.9650403581214779 -1.149398473055194 -0.805394439329021 -1.972576018555674 -0.8716428562992677 -0.1520017766718593 -0.5608684239786166 -0.7972578587044405 -0.8292130381509598 -0.1234302209665554 1.896185356835598 0.8075841613605648 0.5378320800094551 1.241579200107156 -0.6029865343545323 0.8578872297548479 -1.081647104594949 -0.01366485168573967 -1.528828642423268 1.186630728009763 1.115694763877651 -1.130702162650319 1.457459689883858 0.8371364074984649 -0.01478093379242114 0.00496891468666541 1.848016674503775 -1.713789975088028 0.4617891071054306 -0.4295930544281609 -0.4945425556535706 -0.3198682365061171 -0.1157902882665375 -1.144960621505125 -1.331557838576262 -0.5746482480604262 -1.56460311804007 -0.02847314359042497 -1.667301333004918 -0.7321930150880237 0.7030924166657977 -2.363052815487265 -1.845443214047261 -0.09631920785320652 0.2866319974467808 -0.04523545957971864 -0.2747922058031138 -0.7882249916433983 1.137640819369997 1.375185598367265 1.366671434163593 -0.05695336177379126 1.368828425878235 0.5409180878326449 0.3603210128955469 0.4596961061950796 0.1474289032764209 -2.108259786148241 -0.08667188213244648 0.8470485286992641 0.4337007281334457 -0.8739345009348161 0.1854028765852558 0.4317295584195178 0.5123674529626103 2.142875268593329 0.8611893144894556 0.6709395260624422 -0.3871084852682241 -0.7023667365855791 -1.574027413152465 -0.5975744270462541 -1.589716664273009 1.249648042649977 1.104478280929151 -1.641625865778492 -0.7342390363424861 -1.3518207466162 0.07246897989146364 -0.6629950258400066 0.6240650806482471 -0.4403385375092824 0.8769824171401265 1.003457814248384 -0.4114408731490686 1.130304282097546 -0.3519721454165901 2.010036438860606 0.5909308217620146 -1.425366414286258 -1.802074157736747 -0.1718517159836616 -0.5905792148003414 -0.366341626685238 1.378402510324607 -1.792744859940292 -0.4938319526585232 -1.644504312628381 1.431768687122619 0.7130793646977698 -0.1905768095988192 -2.05797668880489 -0.1498739198426689 0.8516873513338671 1.582107453418719 0.07141947523402903 2.191481290329762 -1.054623993683897 -1.511210410176854 -0.2408707260060081 0.4500094698376803 -0.06231659018109348 1.697036830856113 1.374114876381503 0.6639942965628308 1.763736185060362 0.2659679139136295 -0.4813932626871756 0.4452111904896819 0.1176073051655799 0.5835153563527087 0.3702856598324397 0.6496846974979661 1.173377921809963 0.6413494433964444 -0.3924252177259104 0.6788750532749894 1.057823141776649 1.071661446278933 1.465935738652991 -0.4859113165625951 -0.3192624792290931 -0.06416220255036631 -0.4738931465853661 0.4377670869990158 1.909921036536412 -1.037966150364155 0.7028777381178387 -1.923871938081754 0.4298379730666005 -0.4667685123097566 0.9832625116028014 0.9777014729414698 1.077034516407854 -1.048472198648657 -0.504080557233244 0.6337402519251578 -0.2340329440024426 0.9782676728842824 -0.3168002305977633 1.565705294546029 -0.5951220281388584 1.513565758847695 -0.8413429795474602 0.605126368059139 -1.537482451421849 1.770482108092082 -1.099105040839926 0.3753818281630121 -1.099812763427399 -0.4570103186706029 -2.256697162252818 -1.867439099770245 -1.861113931511711 0.3494458668565541 0.2799381615878502 -0.3155638392002841 0.3462598629026369 0.7796918540224884 -0.8363170654282346 1.909849394101898 0.2142067129202623 0.6196947195690795 -1.607269037952088 -1.436969579707703 -0.9910144168108181 -0.2562495854076826 0.8728182481213401 0.1067842222146685 -0.8886457594088779 -0.4274068715232056 -1.1283963916581 -0.06513111057978083 0.6613173628886976 0.4374003554914713 1.493478561039815 0.07964211494982831 -0.2722069763805731 -0.3833934472730153 -1.374426464869492 0.5150884440000618 -0.8061116383990381 -1.356550665427935 -1.126496020286989 0.7365437080657797 -0.9423345511664305 0.4456462959255914 1.526558339768854 -0.6531193137990982 -1.126648091436949 1.374126134193788 0.0642278993718966 0.6474852305537515 -0.6193884418448029 -0.1833243122100594 0.6893626328828268 -1.150555741623238 -2.083997206181335 0.1841030697567965 -2.138096405862715 -0.6786030151490445 -0.6498136938320607 -2.3911059753262 2.070260833188408 -0.4148883592659861 0.7883469659226199 -0.4562562682195047 -0.3608871691059462 1.339095545765104 0.9722266272864764 0.8492986119199329 1.221877342541546 1.309978926075624 -2.058703840005406 -0.3426564671623139 -0.06339569651815014 -0.4021680006710466 1.708728446447497 -1.528745273372746 -0.0327104517637693 0.4554256186068993 -0.619228141048715 0.8717191787723768 0.4350378871721994 1.201274492899119 1.992362537812912 1.600600673788557 -0.7182318953410887 -0.4026861855750291 -0.1035445906574517 1.026302345401772 0.3716396019876292 -0.7195523863623045 0.9686176142215004 -0.2859531020805894 0.07150771496432623 0.1196044486798064 -2.185484689439006 -0.9996722476288382 0.5611947023126207 -0.7974194139470145 1.352086992582083 -0.4105509030803652 -1.056204034447727 2.349695169114531 1.136838180859422 